369 33 461 196 363
228 344 306 299 284
85 422 459 166 269
499 40 222 130 173
113 122 404 180 328
310 67 28 190 362
322 112 253 354 182
392 168 457 105 226
326 138 409 106 70
293 486 343 415 84
43 206 311 257 483
120 358 446 420 365
211 103 463 239 338
438 471 450 203 348
318 77 132 229 213
291 379 429 88 366
332 92 46 11 334
53 469 321 224 157
172 94 151 79 101
212 186 243 448 416
52 1 477 177 295
35 251 305 161 227
491 430 277 15 189
93 281 102 163 181
145 78 56 139 472
481 232 397 308 466
417 66 208 470 315
192 90 141 74 205
399 377 361 496 6
185 345 125 262 236
110 37 202 29 150
274 360 393 160 111
388 36 147 370 191
313 347 403 432 288
149 371 272 320 319
312 152 356 242 331
20 419 114 425 282
59 440 164 489 95
494 233 405 268 436
479 261 217 179 386
238 188 201 259 204
418 270 400 424 49
81 34 220 178 276
431 254 2 76 71
118 183 96 341 27
384 456 234 333 478
462 290 442 210 165
279 407 10 410 273
55 230 367 218 215
267 283 292 317 352
294 280 142 12 246
385 104 426 340 433
135 285 382 89 18
127 87 156 69 296
121 39 4 128 137
474 447 492 451 396
364 335 144 133 437
423 195 50 304 376
443 324 248 8 108
175 395 263 244 428
498 453 193 427 216
17 439 493 252 99
441 307 119 41 219
444 383 184 154 488
460 327 187 266 286
9 22 406 300 323
458 30 421 171 58
176 73 346 454 48
301 155 355 65 136
14 38 325 42 109
198 115 117 464 249
129 256 225 199 247
170 390 153 25 490
44 57 194 368 408
169 75 3 83 241
413 255 330 68 197
380 13 5 32 100
60 64 245 207 265
258 148 298 91 357
140 86 23 214 287
411 485 309 126 381
445 221 271 143 337
275 278 455 449 398
497 124 389 434 82
336 131 372 467 250
373 237 240 353 374
302 123 209 134 62
7 289 473 235 484
19 61 162 107 339
359 200 24 375 401
452 314 223 391 349
297 98 97 26 231
480 378 482 351 16
414 342 394 468 476
465 21 54 495 72
435 158 260 350 264
387 329 146 51 174
80 63 487 116 316
31 159 402 412 45
303 475 167 47
